image: /tmp/my_map2.pgm
resolution: 0.033000
origin: [-9.999000, -9.999000, 0.000000]
negate: 0
occupied_thresh: 0.65
free_thresh: 0.196

