image: /home/pi/office_map3.pgm
resolution: 0.030000
origin: [[-1.200000, -2.843393, 0.000000]
negate: 0
occupied_thresh: 0.65
free_thresh: 0.196

