image: office_map_new_2022_1.pgm
resolution: 0.040000
origin: [-5.000000, -5.000000, 0.000000]
negate: 0
occupied_thresh: 0.65
free_thresh: 0.196

