image: top_floor_map_2022_2.pgm
resolution: 0.040000
origin: [-5.000000, -15.240000, 0.000000]
negate: 0
occupied_thresh: 0.65
free_thresh: 0.196

