image: /projects/Pi_Rover_Ros/src/astro_slam/maps/office_map_03082021.pgm
resolution: 0.050000
origin: [-10.000000, -10.000000, 0.000000]
negate: 0
occupied_thresh: 0.65
free_thresh: 0.196

